kkk = 20000;
ccc = 2500;
msm_sms=290;
mum_umu=59;
kt=190000;